Algorithme de Gauss-Newton
--------------------------
residu_C14(beta0, Donnees)
       4.9877
       4.4516
       3.8127
       3.3918
       3.1968
       2.8347
       2.6741

J_residu_C14(beta0, Donnees)
     -0.95123       4756.1
     -0.90484       9048.4
     -0.81873        16375
     -0.74082        22225
     -0.67032        26813
     -0.60653        30327
     -0.53259        33553

--------------------------------------------------------------------------------------------
     nb_iter         A0        lambda    ||f'(beta)||     f(beta)    ||delta||     exitflag 
--------------------------------------------------------------------------------------------
            0           10       0.0001   4.6322e+05        48.07


r_beta =

      0.25591
   -0.0065569
     -0.14408
     -0.11904
     0.082415
     0.072766
       0.3124

            1       15.022   0.00010633        11051      0.10507       5.0219            4


r_beta =

      0.25591
   -0.0065569
     -0.14408
     -0.11904
     0.082415
     0.072766
       0.3124


r_beta =

      0.23854
    -0.036553
     -0.19541
     -0.18713
    0.0014279
    -0.017861
      0.21327

            2       15.025   0.00010433        74.16     0.088621    0.0032964            4


r_beta =

      0.25591
   -0.0065569
     -0.14408
     -0.11904
     0.082415
     0.072766
       0.3124


r_beta =

      0.23854
    -0.036553
     -0.19541
     -0.18713
    0.0014279
    -0.017861
      0.21327


r_beta =

      0.23911
     -0.03609
     -0.19513
     -0.18701
    0.0014238
    -0.017968
      0.21306

            3       15.025   0.00010432    0.0017614     0.088621   0.00068766            4


r_beta =

      0.25591
   -0.0065569
     -0.14408
     -0.11904
     0.082415
     0.072766
       0.3124


r_beta =

      0.23854
    -0.036553
     -0.19541
     -0.18713
    0.0014279
    -0.017861
      0.21327


r_beta =

      0.23911
     -0.03609
     -0.19513
     -0.18701
    0.0014238
    -0.017968
      0.21306


r_beta =

      0.23911
    -0.036087
     -0.19513
     -0.18701
    0.0014216
    -0.017971
      0.21305

            4       15.024   0.00010432   1.1289e-08     0.088621   4.9165e-06            1


r_beta =

      0.25591
   -0.0065569
     -0.14408
     -0.11904
     0.082415
     0.072766
       0.3124


r_beta =

      0.23854
    -0.036553
     -0.19541
     -0.18713
    0.0014279
    -0.017861
      0.21327


r_beta =

      0.23911
     -0.03609
     -0.19513
     -0.18701
    0.0014238
    -0.017968
      0.21306


r_beta =

      0.23911
    -0.036087
     -0.19513
     -0.18701
    0.0014216
    -0.017971
      0.21305

            4       15.024   0.00010432   1.1289e-08     0.088621   4.9165e-06            1


r_beta =

      0.25591
   -0.0065569
     -0.14408
     -0.11904
     0.082415
     0.072766
       0.3124


r_beta =

      0.23854
    -0.036553
     -0.19541
     -0.18713
    0.0014279
    -0.017861
      0.21327


r_beta =

      0.23911
     -0.03609
     -0.19513
     -0.18701
    0.0014238
    -0.017968
      0.21306


r_beta =

      0.23911
    -0.036087
     -0.19513
     -0.18701
    0.0014216
    -0.017971
      0.21305

            4       15.024   0.00010432   1.1289e-08     0.088621   4.9165e-06            1


r_beta =

      0.25591
   -0.0065569
     -0.14408
     -0.11904
     0.082415
     0.072766
       0.3124


r_beta =

      0.23854
    -0.036553
     -0.19541
     -0.18713
    0.0014279
    -0.017861
      0.21327


r_beta =

      0.23911
     -0.03609
     -0.19513
     -0.18701
    0.0014238
    -0.017968
      0.21306


r_beta =

      0.23911
    -0.036087
     -0.19513
     -0.18701
    0.0014216
    -0.017971
      0.21305

            4       15.024   0.00010432   1.1289e-08     0.088621   4.9165e-06            1


r_beta =

      0.25591
   -0.0065569
     -0.14408
     -0.11904
     0.082415
     0.072766
       0.3124


r_beta =

      0.23854
    -0.036553
     -0.19541
     -0.18713
    0.0014279
    -0.017861
      0.21327


r_beta =

      0.23911
     -0.03609
     -0.19513
     -0.18701
    0.0014238
    -0.017968
      0.21306


r_beta =

      0.23911
    -0.036087
     -0.19513
     -0.18701
    0.0014216
    -0.017971
      0.21305

            4       15.024   0.00010432   1.1289e-08     0.088621   4.9165e-06            1

--------------------------------------------------------------------------------------------
Algorithme de Newton
--------------------
Hessienne f(beta^{(0)})
     0

--------------------------------------------------------------------------------------------
     nb_iter         A0        lambda    ||f'(beta)||     f(beta)    ||delta||     exitflag 
--------------------------------------------------------------------------------------------
            0           10       0.0001   4.6322e+05        48.07

     0     0     0     0     0     0     0

     0     0     0     0     0     0     0

     0     0     0     0     0     0     0

     0     0     0     0     0     0     0

     0     0     0     0     0     0     0

     0     0     0     0     0     0     0

     0     0     0     0     0     0     0

     0     0     0     0     0     0     0

--------------------------------------------------------------------------------------------
